10000	1
10004	1
10008	3
10019	2
10026	4
10033	1
10037	3
1004	3
10040	2
10048	1
10051	2
10055	2
10073	3
10077	4
10080	3
10084	3
10088	3
10095	1
10099	3
10103	3
10107	1
10110	3
10118	2
10121	2
10129	2
10143	1
1015	3
10154	3
10158	3
10161	3
10165	3
10176	2
10183	4
10187	1
1019	4
10190	1
10198	2
10202	3
10206	1
10213	3
10220	1
10224	3
10228	2
10239	1
10242	3
10257	2
1026	3
10260	4
10268	2
10282	2
10293	2
10297	1
10301	3
10305	4
10312	1
10316	2
10323	4
10327	1
10330	2
10334	2
10338	4
10352	3
10356	3
10363	4
10370	3
10374	2
10378	3
10381	2
10389	1
10392	1
104	4
10400	3
10404	3
10411	3
10415	1
1044	5
10448	3
10451	3
10462	3
10466	3
1048	2
10480	4
10484	4
10488	3
10491	3
10495	1
10499	2
10503	1
10507	1
10510	1
10514	1
10518	2
10521	2
10529	4
10532	1
10547	4
1055	3
10554	3
10558	3
10569	3
10576	3
10590	3
10594	2
10602	2
10606	3
10617	2
10620	2
10624	3
10635	3
10639	4
10642	1
10646	1
10653	1
10657	3
1066	3
10664	3
10668	2
10671	3
10675	2
10686	3
10693	1
10705	3
10712	3
10723	3
10727	3
1073	2
10730	1
10734	2
10738	3
10741	3
10752	3
10763	3
10774	2
10789	2
108	2
1080	3
10800	2
10808	1
10822	4
10826	3
10837	2
1084	4
10844	5
10851	2
10855	3
10859	3
10862	3
10866	3
10873	3
10877	4
1088	3
10880	3
10895	1
10899	2
1091	3
10914	2
10921	2
10932	1
10943	4
1095	2
10954	3
10958	3
10965	3
10972	2
10976	3
10983	3
10990	3
10998	4
11005	2
11012	3
1103	2
11030	2
11038	4
11045	2
11056	2
1107	3
11070	3
11078	2
11085	2
11089	3
11092	3
111	3
1110	2
11111	1
11115	1
11119	4
11122	3
11133	3
11137	3
1114	3
11140	3
11148	4
11151	3
11159	2
11162	3
11166	3
11173	4
11180	1
11184	2
11188	2
11210	3
11221	4
11232	3
11236	2
11243	3
11250	2
11254	2
11258	2
11283	4
11290	3
11298	1
11313	2
11317	4
11339	3
11342	2
11346	3
11353	1
11357	3
1136	2
11360	2
11371	3
11379	4
11382	1
11393	3
11397	2
11405	3
11412	2
11416	3
11423	3
1143	3
11430	3
11438	5
11441	3
11445	3
11449	3
11452	1
11456	3
11467	3
1147	3
11470	3
11474	1
11478	4
11489	5
11492	2
115	3
1150	2
11500	3
11508	3
11511	2
11515	3
11522	2
11526	4
11537	2
1154	3
11540	2
11548	4
11555	4
11559	2
11562	3
11573	2
11577	3
11580	3
11584	4
11588	3
11595	3
11599	3
1161	3
11610	3
11614	3
11621	3
11625	3
11629	3
11636	1
11643	3
11647	3
1165	2
11650	3
11654	2
11665	1
11672	2
11676	4
1169	3
11690	1
11702	3
11706	3
11717	3
1172	2
11720	4
11728	3
11731	1
11735	3
11739	3
11742	3
11757	2
11760	1
11771	2
11775	2
11782	2
11786	3
11793	5
11801	1
11805	3
11812	2
11823	3
1183	2
11834	1
11838	4
11841	3
11845	3
11849	3
11852	3
11856	3
11867	3
1187	5
11870	2
11874	3
11881	2
11885	3
11889	3
11892	2
119	4
1190	2
11900	4
11904	1
11908	3
11911	3
11919	1
11933	2
11940	3
11948	2
11951	3
11955	2
11959	3
11962	3
11966	1
11977	3
11980	3
11988	2
11991	5
11995	4
12002	2
12013	1
12024	2
12028	1
12031	4
12035	1
12046	3
12053	3
12057	3
1206	3
12064	3
12068	3
12071	3
12079	4
12082	1
12086	2
12093	3
12101	2
12109	4
12112	1
12127	4
1213	3
12130	2
12138	1
12145	1
12149	3
12152	4
12156	3
12163	3
12167	3
1217	2
12170	1
12174	3
12181	4
12185	4
12189	3
12196	4
12204	4
12211	5
12215	2
12219	3
12226	3
12233	3
12237	2
1224	4
12240	4
12248	2
12255	2
12259	5
12262	2
12273	3
12277	1
1228	5
12280	3
12291	3
12295	2
12303	3
12307	2
1231	3
12310	3
12321	3
12325	3
12329	2
12343	4
12347	3
1235	3
12350	2
12354	3
12358	2
12361	1
12365	1
12369	1
12372	3
12376	2
12383	1
12387	2
1239	2
12406	1
12417	2
12420	2
12424	2
12428	4
12435	3
12439	3
12442	2
12446	4
1246	3
12460	5
12468	3
12471	3
12475	3
12479	4
12482	3
12493	2
12505	3
12509	2
12512	4
12516	5
12523	3
12527	3
12530	3
12534	3
12538	2
12563	2
12567	4
12574	3
12578	2
12581	3
12592	3
12596	2
126	3
12600	1
12604	1
12611	3
12619	3
12622	2
12633	2
1264	3
12640	2
12644	3
12648	1
12655	3
12659	3
12662	4
12673	3
12677	1
1268	2
12680	2
12688	3
12695	3
12703	4
12707	3
12710	3
12718	2
12721	2
12729	2
12743	1
1275	2
12750	3
12758	4
12761	4
12765	1
12769	3
12776	2
12787	4
1279	4
12794	2
12798	2
12802	3
12817	4
1282	2
12820	2
12824	2
12831	4
12842	1
12846	2
12853	2
12857	3
12860	2
12864	3
12871	3
12879	3
12882	2
12886	4
12893	3
12897	1
12901	3
12916	2
1293	1
12930	3
12934	4
12941	4
12945	3
12949	2
12952	3
12956	5
12963	2
12974	2
12978	3
12989	3
13003	3
1301	2
13010	2
13018	2
13021	2
13029	4
13032	3
13036	2
13043	3
1305	3
13054	1
13058	1
13065	1
13069	2
13072	1
1309	1
13094	3
13098	1
13106	2
13117	3
13120	1
13124	4
13128	2
13135	3
13142	3
13146	2
13164	1
13168	2
13171	2
13175	3
13179	4
13182	2
13193	3
13201	2
13205	3
13212	3
13216	3
13223	3
1323	4
13230	1
13234	4
13241	4
13249	3
13256	3
13263	2
1327	3
13270	2
13274	2
13278	2
13289	1
13292	1
13296	1
1330	1
13300	3
13304	2
13311	3
13315	3
13319	3
13333	2
13337	2
1334	3
13340	4
13348	3
13351	3
13355	2
13359	4
13362	3
13366	4
13373	3
13377	3
13380	3
13388	3
13403	4
13410	3
13414	4
13425	5
13429	5
13436	2
13443	3
13447	2
13454	1
13458	2
13461	3
13465	1
13469	3
13472	1
13476	4
1349	3
13490	2
13498	3
13502	2
13513	1
13517	3
13520	3
13524	4
13528	4
13535	3
13539	4
13542	1
13546	1
13553	2
13557	2
13560	2
13564	4
13568	2
13571	2
13579	3
13582	4
13601	3
13609	3
13612	3
13616	1
1363	2
13630	3
13638	5
13645	2
13649	4
13663	1
13667	2
1367	4
13674	4
13678	2
13681	3
13685	3
13689	1
13692	3
13696	3
137	2
13704	1
13708	4
13711	4
13715	2
13722	3
13737	5
1374	3
13740	3
13744	2
13748	3
13751	2
13755	3
13759	3
13762	3
13766	3
13773	2
13777	2
1378	4
13791	1
13795	5
13799	4
13810	2
13814	2
13821	2
13825	2
13829	2
13832	1
13836	2
13843	3
13854	3
13858	3
13861	3
13865	3
13869	2
13872	3
13883	3
13887	1
13890	2
13894	3
13898	3
13902	1
13906	2
13917	2
1392	3
13920	2
13924	4
13928	1
13931	3
13939	2
13942	3
13953	3
13957	5
13960	4
13968	3
13971	3
13979	1
13982	3
13993	5
13997	3
140	3
14000	2
14008	3
14022	4
14033	3
14037	3
14059	4
14062	2
14073	1
14077	3
1408	3
14080	3
14095	3
14099	2
14103	5
1411	3
14110	2
14118	3
14121	3
14129	3
14132	1
14136	1
14143	3
14147	1
14150	4
14154	2
14158	2
14161	2
14169	4
14172	1
14176	3
14187	3
14190	1
14194	3
14206	4
14224	4
14228	3
14239	3
14242	3
14253	1
14257	3
1426	4
14264	3
14268	4
14271	4
14275	2
14286	2
14293	2
14305	3
14309	1
14312	4
14327	2
1433	2
14330	3
14334	3
14341	2
14345	2
14349	3
14352	1
14367	3
1437	4
14370	2
14374	2
14378	2
14381	2
14385	3
14389	4
14392	2
1440	1
14400	5
14404	2
14408	3
14415	1
14426	2
14433	3
14437	1
14440	3
14444	1
14448	3
14451	2
14455	3
14459	4
14473	3
14477	4
1448	3
14488	4
14491	4
14495	3
14499	2
14507	2
14510	1
14518	4
14532	2
14543	3
14547	1
1455	2
14550	3
14554	3
14558	3
14569	2
14572	1
14576	2
14583	2
1459	4
14590	3
14606	3
14617	3
14620	1
14624	3
14628	1
14635	3
14639	3
14642	4
14646	3
14657	3
14660	4
14664	3
14668	1
14671	4
14682	2
14686	3
14693	3
14697	2
14709	4
14727	2
1473	3
14730	3
14734	2
14738	2
14741	3
14745	3
14749	3
14756	3
14763	1
14770	2
14774	3
14781	3
14785	3
14789	2
14792	3
14800	2
14808	2
14819	1
14822	2
14826	4
14840	2
14848	3
14855	4
14862	3
14866	3
14873	4
14877	1
1488	2
14880	1
14884	3
14891	3
14895	2
14899	1
14903	2
14910	3
14918	3
14921	3
14929	3
14932	4
14943	3
1495	3
14954	3
14958	2
14969	3
14972	2
14983	3
15009	2
15016	3
15023	2
1503	3
15038	1
15041	1
15045	3
15052	4
15056	2
15063	4
15067	2
1507	3
15074	3
15078	3
15085	2
15089	3
15092	3
15096	3
151	1
1510	2
15104	3
15108	3
15115	3
15119	3
15133	3
15148	3
15151	3
15159	4
15166	2
15173	2
15177	3
15191	3
15199	3
15203	2
15207	3
1521	1
15210	3
15214	2
15218	3
15225	3
15229	3
15232	3
15236	3
15243	3
1525	4
15258	2
15261	2
15269	4
15276	1
15283	3
15287	4
15290	5
15294	3
15298	3
15302	3
15313	2
15317	2
1532	4
15320	2
15324	2
15328	4
15331	4
15342	3
1536	3
15360	3
15368	2
15375	3
15386	4
15401	1
15405	3
15427	3
1543	1
15430	3
15434	2
15438	2
15452	4
15456	2
15463	2
15467	3
1547	1
15470	2
15474	5
15485	3
15489	4
15492	4
1550	1
15508	3
15511	2
15515	3
15522	4
15540	2
15544	3
15551	3
15555	2
15562	4
15566	4
15573	4
15580	3
15584	3
15588	3
15591	3
15595	2
15599	2
15603	2
15607	1
1561	3
15610	2
15614	2
15618	2
15632	3
15636	1
15643	3
15647	4
1565	5
15650	2
15654	3
15658	4
15665	1
15672	1
15687	3
15690	3
15694	2
15706	2
15713	2
1572	2
15724	1
15731	1
15735	2
15739	1
15742	3
15746	2
15757	4
15768	4
15771	4
15775	2
15779	2
15786	2
15793	2
15797	1
15812	3
15816	1
15823	2
1583	3
15830	2
15838	4
15841	3
15845	3
15849	3
15867	2
15870	3
15874	2
15881	4
15889	2
15892	3
15896	3
159	4
1590	4
15900	2
15904	3
15911	1
15915	3
15919	3
15926	5
15937	3
1594	3
15940	3
15944	3
15951	3
15959	3
15962	3
15966	4
15973	1
15977	3
1598	1
15995	2
15999	3
16002	2
16006	3
16013	3
1602	3
16020	1
16024	4
16028	4
16031	1
16035	2
16046	2
16053	2
16057	3
1606	2
16060	4
16068	2
16071	3
16075	2
16082	2
16093	3
16105	4
16116	2
16123	3
16127	3
1613	2
16130	2
16134	1
16138	2
16145	3
16152	3
16156	3
1617	3
16170	3
16174	4
16181	2
16185	3
16189	2
16192	3
16196	1
162	3
16204	3
16208	2
16211	4
16215	3
16222	3
16233	5
16244	3
16248	2
16251	3
16259	2
16262	2
16266	3
16273	3
16277	3
1628	3
16280	3
16284	4
16288	2
16291	3
16295	3
16299	3
16303	4
16307	3
1631	4
16310	4
16314	4
16321	2
16325	2
16329	2
16332	2
16336	4
16343	3
1635	2
16354	3
16361	3
16365	3
16372	4
16376	2
16383	4
16387	3
1639	2
16394	3
16398	1
16402	1
16417	3
1642	2
16420	1
16424	3
16428	3
16431	3
16446	3
16453	1
1646	1
16460	3
16468	2
16471	2
16475	2
16482	3
16486	4
16497	1
16501	3
16509	4
16527	3
1653	3
16538	2
16541	1
16549	3
16563	3
16567	3
1657	1
16574	1
16578	1
16585	3
16589	3
16592	2
1660	2
16600	3
16604	1
16611	2
16615	2
16619	2
16622	3
16626	1
16637	4
1664	1
16640	4
16651	2
16655	2
16659	1
16662	3
16666	3
16673	2
16680	3
16691	2
16695	2
16699	3
16703	3
16707	2
16710	3
16718	2
16721	3
16725	2
16732	1
16736	2
16743	4
16747	2
1675	3
16754	3
16772	5
16776	3
1679	3
16790	3
16794	2
16798	2
16806	2
16813	3
1682	3
16828	2
16831	1
16835	1
16839	2
16842	2
16853	3
1686	3
16860	2
16864	2
16868	4
16871	3
16875	4
16879	3
16882	4
16886	4
16893	3
16901	4
16927	1
1693	4
16934	4
16938	3
16941	3
16945	3
16967	3
1697	2
16974	3
16985	3
16989	3
16992	3
1701	3
17010	4
17014	3
17018	2
17021	2
17032	2
17036	4
17043	2
17047	3
1705	2
17058	1
17061	1
17065	4
17072	3
17083	3
17087	2
1709	2
17090	2
17102	2
17117	3
17120	3
17124	1
17128	3
17135	2
17146	2
17160	3
17164	1
17168	5
17171	3
17182	4
17186	3
17212	3
17216	3
17227	2
1723	2
17230	2
17238	3
17249	1
17252	1
17256	3
17267	3
17270	2
17278	3
17285	3
17289	4
17292	4
17296	3
173	1
1730	3
17304	3
17308	2
17315	1
17319	3
17322	3
17337	3
1734	4
17340	3
17348	3
17355	2
17377	3
1738	1
17380	2
17384	2
17395	5
17407	4
1741	3
17410	3
17443	3
17447	2
17450	3
17454	3
17461	1
17469	3
17483	1
17487	3
17490	3
17498	3
17502	2
17506	3
17517	4
17520	2
17531	2
17539	2
17546	4
17553	2
1756	2
17560	3
17568	4
17575	3
17579	3
17582	3
17586	2
17593	2
17597	3
17605	2
17616	3
17623	3
1763	2
17630	3
17634	5
17638	3
17641	2
17645	1
17652	3
17656	1
17663	3
17667	2
1767	1
17670	1
17674	2
17681	3
17685	3
17689	4
17692	2
177	2
17708	4
17711	5
17715	3
17719	3
17722	2
17726	2
17733	3
17740	3
17748	1
17751	3
17755	2
17766	3
17773	3
17777	3
1778	2
17791	3
17795	1
17803	2
1781	4
17814	2
17821	3
17829	1
17836	2
17843	3
17847	2
1785	3
17861	3
17869	1
17872	1
17876	3
17883	3
17887	2
17890	1
17894	2
17898	2
17902	1
17906	1
17913	3
17917	4
1792	3
17924	2
17928	3
17931	1
17935	2
17939	2
17942	1
17953	3
17957	3
1796	4
17964	1
17968	2
17971	5
17982	2
17986	3
17997	4
18	2
1800	5
18004	5
18011	2
18015	3
18022	2
18026	2
18033	3
18037	3
18040	2
18044	3
18048	3
18051	4
18059	3
18066	1
1808	2
18080	2
18084	2
18099	4
18103	3
1811	2
18110	2
18121	2
18125	4
18136	1
18143	4
18154	3
18165	2
18169	3
18172	2
18176	4
18198	2
18202	3
18206	3
18213	1
18217	2
1822	3
18224	3
18228	5
18231	3
18235	3
18242	3
18246	3
18260	4
18264	1
18268	1
18271	3
18275	3
18279	3
18282	4
18286	3
18293	5
18297	2
18301	5
18312	2
18323	3
18327	3
1833	3
18330	2
18334	1
18338	1
18341	3
18345	3
18352	2
18356	2
18363	3
1837	2
18374	3
18389	5
18392	1
18396	2
18400	2
18411	3
18419	3
18426	3
18433	2
18440	3
18444	3
18448	4
18451	3
18459	2
18462	4
18466	4
18473	2
18477	4
18480	2
18484	3
18488	2
18491	1
18499	3
18507	3
1851	2
18510	3
18514	4
18532	3
18543	5
18547	3
18550	3
18554	2
18561	1
18576	3
1859	2
18590	5
18594	2
18598	3
18613	2
18617	2
1862	2
18620	3
18624	3
18628	2
18631	1
18639	3
18642	3
18646	3
18657	3
1866	1
18660	2
18664	4
18671	5
18679	3
18682	2
18686	3
18693	3
18697	4
18709	1
18712	2
18723	3
18730	3
18734	3
18738	1
18745	2
18749	2
18763	5
18767	3
18770	3
18778	2
18781	3
18792	5
18796	3
1880	2
18804	3
18808	1
18811	3
18819	2
18826	2
18837	4
1884	4
18840	4
18844	2
18855	3
18859	3
18866	2
18873	4
18880	3
18888	1
18899	4
18907	2
1891	4
18910	3
18914	5
18921	4
18936	3
18950	2
18954	3
18958	1
18961	1
18976	1
18983	4
18987	3
18990	3
18994	3
19001	2
19005	3
19009	3
19016	2
19023	4
19027	3
1903	3
19034	3
19038	4
19041	3
19045	2
19049	2
19052	2
19056	5
19067	3
19070	3
19074	1
19078	1
19089	3
19092	3
19096	3
191	3
19100	4
19104	3
19111	1
19115	3
19119	3
19133	3
19137	2
19140	3
19148	3
19162	2
19166	3
19177	3
1918	3
19180	4
19184	3
19188	3
19195	1
19203	2
19207	3
1921	3
19210	3
19214	1
19218	1
19225	3
19232	2
19236	3
19243	3
19247	1
19254	4
19258	3
19261	3
19265	3
19272	4
19276	4
19283	3
19287	3
19298	2
19302	3
19313	3
19317	3
1932	3
19320	2
19324	4
19328	4
19331	3
19346	3
19353	3
1936	3
19368	3
19375	1
19382	2
19386	2
19393	1
19405	3
19409	1
19423	3
19427	2
1943	4
19434	3
19445	4
19449	3
19456	2
19463	2
19467	1
1947	3
19478	3
19481	1
19492	4
195	3
1950	2
19500	1
19508	4
19511	3
19515	2
19519	3
19526	2
19533	4
19537	2
19544	4
19548	3
19551	2
19555	4
19562	4
19573	3
19580	2
19584	3
19588	3
19595	2
19599	3
19607	3
1961	4
19621	3
19625	3
19629	2
19632	5
19636	3
1965	3
19650	1
19654	4
19665	2
19669	2
19672	1
19676	4
19683	2
1969	3
19694	2
19698	1
19702	2
19713	3
19717	2
1972	2
19720	2
19724	3
19728	3
19731	2
19739	3
19742	4
19746	1
19757	1
1976	3
19768	3
19771	2
19779	2
19786	3
19793	3
19801	2
19805	3
19812	2
19816	2
19827	2
19830	1
19841	3
19849	3
19852	3
19863	3
1987	2
19874	3
19878	4
19881	1
19885	3
19889	5
19892	4
19896	3
19900	1
19908	2
19915	3
19922	3
19937	2
19951	1
19959	5
19966	3
19977	3
19980	3
19984	3
19988	2
19991	3
20003	3
2001	2
20014	2
20029	4
20032	4
20036	4
20047	2
2005	3
20050	4
20054	3
20058	4
20065	1
20069	3
20083	2
20087	2
2009	3
20094	4
20102	1
20117	4
2012	2
20124	4
20131	3
20135	1
20139	3
20142	3
2016	3
20168	2
20171	3
20179	2
20182	1
20186	3
20193	1
20197	2
20201	3
20216	3
20223	3
20227	2
20230	3
20241	1
20249	3
20252	4
20256	2
20263	4
2027	3
20270	3
20274	3
20281	2
20285	3
20289	1
20296	3
203	2
2030	3
20308	3
20315	3
20322	3
20326	3
20333	2
20340	3
20348	3
20355	3
20359	2
20366	2
20384	3
20388	3
20391	3
20395	3
20403	3
20407	3
20421	3
20432	4
20436	4
20447	3
20450	4
20458	3
20461	2
20465	2
20469	3
20476	2
20483	3
2049	3
20490	3
20494	3
20498	4
20502	2
20513	2
20517	4
20520	1
20524	4
20528	2
20531	4
20539	3
2056	1
2063	3
2067	3
207	2
2070	5
2074	2
2081	2
2092	4
21	5
2100	3
2104	4
2108	1
2115	3
214	3
2144	2
2151	3
2155	3
2162	3
2166	3
2184	1
2191	3
2195	4
2199	2
2207	2
221	3
2210	2
2218	3
2221	3
2225	1
2232	4
2236	5
2243	2
225	2
2250	2
2258	3
2269	3
2272	2
2276	3
2283	4
2287	2
229	3
2294	2
2298	2
2313	3
2317	3
232	2
2320	4
2324	2
2328	2
2331	2
2335	3
2339	2
2357	2
236	1
2368	5
2375	3
2379	2
2386	2
2405	2
2409	3
2412	3
2423	1
2427	3
243	3
2438	4
2441	2
2452	1
2456	1
2467	4
2470	2
2485	2
2492	3
250	2
2500	2
2511	1
2515	3
2522	3
2533	4
254	3
2548	2
2551	3
2555	2
2559	4
2562	1
2566	3
2573	2
2577	3
2580	2
2588	3
2595	3
2599	1
2603	2
2607	2
261	4
2610	3
2625	2
2629	2
2632	1
2636	2
2643	2
2650	3
2654	2
2661	2
2665	1
2669	1
2676	2
2683	2
2687	1
269	2
2690	2
2698	3
2702	3
2706	3
2713	3
2717	2
272	4
2724	5
2728	3
2731	3
2735	3
2742	2
2760	2
2764	2
2768	5
2771	1
2775	3
2779	2
2782	3
2786	4
2797	1
2801	2
2805	3
2812	3
2816	3
2827	3
283	1
2830	3
2834	2
2838	2
2845	3
2856	3
2863	3
2867	3
287	4
2885	2
2896	3
290	3
2900	3
2915	2
2919	3
2933	4
2940	4
2944	1
2948	3
2955	2
2962	2
2966	3
2977	3
298	2
2984	4
2995	5
2999	3
3002	2
3006	4
3017	5
302	1
3020	3
3024	3
3031	3
3035	3
3039	2
3042	3
3053	3
3064	4
3068	3
3071	3
3075	1
3079	3
3086	2
3093	3
3101	4
3105	3
3109	2
3112	2
3116	2
3123	2
3127	1
3130	3
3141	3
3145	2
3156	2
3163	2
3167	3
317	2
3174	3
3178	1
3189	4
3192	2
32	3
320	3
3200	3
3215	3
3219	2
3226	2
3237	3
3240	2
3244	2
3248	2
3251	2
3259	2
3266	4
3273	1
328	2
3280	2
3284	2
3288	1
3299	1
3307	2
331	2
3310	3
3314	4
3318	3
3321	2
3329	3
3332	3
3336	3
3343	2
3347	2
3350	3
3354	3
3365	3
3369	3
3372	3
3387	3
339	3
3390	1
3394	3
3398	3
3402	2
3406	3
3417	3
3424	3
3428	2
3439	3
3453	2
346	1
3460	4
3464	1
3471	4
3475	3
3479	3
3497	3
3505	2
3509	3
3512	4
3534	3
3541	1
3556	3
3563	1
3567	3
357	3
3570	2
3578	3
3581	3
3589	5
3592	3
3596	3
3600	2
3608	4
3615	1
3622	1
3633	4
3637	2
3640	2
3644	3
3648	1
3651	2
3662	3
3677	4
3684	4
3691	3
3695	4
3699	3
3703	3
3718	4
3721	3
3725	2
3732	2
3736	3
3747	3
3750	1
3754	3
3758	3
3761	2
3769	5
3772	3
3787	2
379	3
3790	3
3798	3
3813	2
3820	2
3824	3
3828	3
3831	4
3835	2
3857	3
3860	1
3871	3
3875	3
3879	1
3886	3
3893	2
3901	2
3905	4
3916	4
3930	4
3945	2
3956	3
3963	3
3967	3
397	1
3970	2
3978	2
3981	3
3992	3
3996	1
4003	4
4007	3
4010	1
4018	3
4021	1
4032	3
4043	1
4047	3
4054	4
4065	2
4069	1
4076	3
4083	2
4087	3
409	3
4090	2
4094	3
4102	3
4106	2
4113	2
412	3
4120	1
4124	2
4128	3
4139	3
4146	4
4157	4
416	1
4160	4
4171	3
4175	5
4179	3
4182	2
4193	3
4197	3
4201	4
4205	4
4209	3
4212	2
4223	2
4227	3
423	3
4230	1
4238	2
4249	3
4263	3
4267	3
427	3
4270	3
4274	3
4278	2
4281	3
4285	3
4289	2
4292	4
4296	3
43	3
430	3
4300	4
4304	3
4308	3
4311	3
4322	3
4333	4
4337	3
434	4
4340	1
4348	1
4351	3
4359	3
4362	2
4366	1
4373	3
4377	3
4380	2
4384	2
4388	3
4391	1
4399	2
4403	2
4418	4
4429	1
4443	3
4450	3
4454	2
4465	3
4469	2
4472	2
4476	2
4487	1
449	5
4490	5
4502	2
4517	3
452	5
4520	2
4528	2
4531	1
4535	1
4539	3
4546	3
456	3
4564	2
4568	3
4571	2
4575	1
4582	3
4586	2
4593	3
4601	2
4605	3
4612	4
4616	3
4623	3
463	2
4634	3
4638	3
4641	2
4645	2
4663	2
4667	3
4670	2
4678	2
4685	2
4692	3
4711	3
4719	3
4722	3
4726	3
4737	4
474	2
4740	2
4744	5
4748	3
4751	4
4759	2
4766	2
4773	1
478	3
4780	2
4784	3
4791	3
4795	3
4799	3
4803	1
4807	3
481	1
4810	4
4825	4
4829	3
4836	3
4843	3
4847	2
4858	3
4861	4
4872	2
4876	1
4883	3
4887	2
4890	3
4894	4
4902	1
4906	3
492	3
4924	3
4931	2
4935	4
4939	3
4946	3
4960	2
4968	3
4971	5
4975	2
4986	3
4993	3
4997	1
5	2
50	3
500	1
5008	2
5022	2
5033	1
5037	3
504	2
5044	2
5048	2
5059	2
5062	3
5066	2
5073	2
5080	2
5084	4
5091	3
5099	1
5103	2
5110	3
5114	3
5118	2
5121	3
5125	3
5129	3
5132	3
5143	3
5147	2
515	2
5150	2
5158	2
5161	1
5165	4
5169	3
5176	2
5183	3
519	3
5190	4
5194	1
5198	2
5213	2
5217	3
522	3
5220	3
5228	2
5231	4
5239	4
526	3
5264	3
5268	4
5271	3
5275	2
5293	2
5297	3
5301	3
5312	1
5316	4
5327	2
533	4
5330	3
5334	2
5338	5
5341	3
5345	3
5349	2
5352	4
5363	4
5367	4
537	2
5370	5
5374	3
5385	3
5389	1
5392	4
5396	3
54	2
540	4
5404	3
5408	3
5415	3
5419	2
5426	3
5433	1
544	4
5440	3
5451	3
5455	2
5462	1
5466	3
5473	2
5477	3
548	2
5484	2
5488	2
5495	3
5499	3
5507	2
5510	4
5514	5
5518	4
5521	3
5525	2
5529	2
5532	5
5536	2
5543	3
5547	5
555	2
5554	3
5565	4
5569	4
5583	3
5587	1
559	2
5590	3
5598	2
5617	2
562	3
5620	3
5628	3
5631	2
5642	3
5653	2
5657	3
566	2
5660	4
5664	2
5671	3
5675	5
5682	3
5697	4
5716	2
5723	3
5734	4
5745	3
5752	3
5763	1
577	2
5774	5
5781	2
5785	1
5792	3
58	2
580	2
5800	2
5837	2
584	1
5840	3
5844	3
5848	2
5855	1
5859	3
5866	2
5873	2
5877	3
588	3
5880	3
5884	1
5888	2
5891	3
5895	2
591	2
5914	3
5918	3
5921	3
5925	2
5929	3
5932	5
5943	3
5947	3
595	3
5950	3
5954	3
5965	2
5969	1
5972	2
5976	2
5983	3
5990	2
5994	5
5998	1
6009	2
6012	3
6027	2
603	3
6030	1
6045	3
6049	3
6052	3
6063	3
6067	5
607	3
6070	2
6074	2
6081	3
6085	3
6089	1
6092	3
6096	4
61	2
610	1
6100	3
6104	3
6108	3
6126	2
6133	1
614	4
6148	2
6151	5
6155	2
6159	2
6162	4
6166	1
6173	3
6177	1
618	3
6184	2
6188	3
6191	4
6195	3
6199	3
6203	1
621	3
6210	3
6214	2
6218	3
6221	5
6225	4
6229	2
6232	3
6243	3
625	3
6250	2
6254	3
6258	3
6261	1
6269	2
6283	4
629	1
6294	5
6298	3
6302	2
6306	2
6313	2
6317	3
632	2
6335	3
6346	2
6353	1
6357	3
6364	3
6371	2
6375	3
6379	3
6382	1
6397	3
6405	3
6412	1
6416	3
6423	3
6427	4
6430	1
6434	2
6441	3
6452	4
6463	3
6467	3
647	2
6470	2
6481	2
65	2
650	2
6500	2
6504	3
6508	4
6519	3
6522	3
6526	2
6537	3
6540	2
6544	5
6551	4
6555	3
6562	4
6573	2
6577	1
658	3
6580	3
6584	3
6588	3
6603	2
6607	2
661	5
6610	3
6614	2
6621	2
6625	3
6632	3
6636	1
665	3
6650	2
6654	1
6658	4
6661	1
6672	3
6676	2
6683	2
669	3
6690	1
6694	3
6698	4
6706	3
6717	2
672	3
6720	1
6728	2
6739	2
6742	5
6746	3
6757	3
676	2
6768	3
6775	3
6779	2
6786	3
6793	3
6801	3
6805	3
6812	1
6823	2
683	2
6834	2
6838	4
6845	3
6852	2
6856	3
6863	1
687	1
6874	3
6881	3
6885	2
6889	2
6896	1
6900	3
6904	1
6908	4
6915	3
6922	2
6933	3
6937	2
694	1
6940	2
6962	2
6977	2
698	2
6988	2
6991	3
6995	2
6999	3
7002	4
7006	3
7013	3
7017	2
7020	3
7024	1
7028	1
7039	1
7046	3
7053	5
7057	4
706	2
7060	2
7064	2
7068	4
7071	3
7075	2
7086	2
7093	3
7097	3
7105	3
7109	4
7112	5
7116	4
7123	1
7127	4
713	3
7138	4
7141	3
7149	3
7156	2
7163	2
7167	3
717	3
7170	3
7178	2
7181	3
7185	2
7189	3
7192	4
7196	3
72	3
720	2
7204	3
7211	3
7219	3
7222	3
7233	2
724	4
7240	2
7248	2
7251	4
7255	2
7262	4
7266	3
7273	3
7277	3
7284	2
7288	3
7291	3
7295	3
7299	3
7303	1
7307	2
7314	3
7321	4
7325	2
7332	3
7343	3
7350	3
7354	2
7358	2
7365	3
7369	4
7376	1
7383	3
739	4
7413	1
7417	4
742	3
7420	1
7424	3
7431	3
7435	4
7439	3
7442	2
7446	3
7457	3
746	2
7460	3
7464	3
7468	4
7471	3
7475	3
7479	3
7493	3
7501	3
7505	4
7512	4
7523	3
753	3
7530	3
7541	4
7549	2
7563	1
7567	2
7570	3
7574	3
7581	3
76	3
760	2
7600	1
7604	3
7611	3
7622	3
7626	2
764	3
7640	4
7644	3
7648	1
7659	4
7662	3
768	4
7680	4
7684	2
7688	3
7695	3
7707	4
7714	3
7721	3
7725	2
7732	4
7736	3
7747	3
775	3
7750	3
7754	3
7761	2
7765	3
7769	3
7776	3
7783	2
7790	3
7794	3
7802	3
7813	4
7817	3
782	2
7824	3
7828	1
7831	4
7835	3
7853	3
7864	5
7868	3
7871	3
7875	3
7886	2
7893	3
7897	4
7901	2
7905	1
7912	3
7916	3
793	4
7930	1
7934	1
7938	3
7945	2
7967	4
7985	1
8003	4
8007	3
801	2
8014	4
8021	4
805	3
8050	2
8054	1
8058	3
8061	3
8065	3
8069	2
8076	3
8087	2
809	2
8094	2
8098	2
8117	4
8135	2
8139	3
8142	2
8146	2
8157	3
8175	2
8179	3
8186	2
8193	2
8197	1
8205	3
8212	2
8216	3
8223	4
8227	1
8230	2
8234	3
8238	2
8241	4
8245	2
8249	3
8263	4
8267	1
827	3
8274	3
8278	2
8281	3
8292	3
8296	5
83	3
830	3
8304	4
8319	4
8322	2
8326	1
8337	1
8344	3
8355	1
8380	2
8384	4
8388	3
8391	3
8395	3
8399	4
8403	3
8407	3
841	2
8410	3
8414	4
8418	1
8421	4
8425	2
8429	2
8432	3
8436	1
8443	2
8447	1
845	3
8461	3
8465	1
8469	4
8472	2
8476	2
8487	2
8494	3
8513	3
8517	2
8520	1
8528	2
8535	2
8539	3
8542	3
8553	3
856	2
8560	2
8568	4
8571	2
8579	3
8582	2
8586	4
8601	4
8612	3
8616	1
8627	1
863	3
8641	4
8645	2
8649	4
8652	4
8663	5
867	4
8670	4
8678	3
8685	1
8696	3
87	4
8700	1
8704	3
8708	3
8719	3
8722	2
8726	3
8733	3
8737	4
874	2
8740	1
8744	3
8748	3
8751	3
8759	2
8766	1
8773	4
8777	2
8780	4
8784	3
8788	4
8791	3
881	3
8810	3
8825	1
8829	3
8832	3
8843	2
8850	3
8854	4
8858	2
8861	3
8869	2
8872	3
8876	3
8887	1
889	3
8890	3
8898	3
8902	4
8906	2
8913	1
8917	4
8924	3
8931	1
8935	3
8939	2
8957	2
896	4
8960	2
8964	3
8971	2
8979	3
8982	3
8986	2
9	2
90	3
9000	2
9004	3
9011	2
9022	2
9026	1
9033	2
904	3
9040	3
9044	1
9048	3
9055	2
9062	2
9073	2
9077	1
908	1
9088	3
9095	2
9103	2
9107	3
911	3
9110	4
9118	2
9121	3
9125	2
9150	3
9158	3
9161	3
9172	2
9176	4
9183	2
9187	5
919	3
9190	1
9194	2
9198	1
9213	3
9217	2
9220	1
9224	4
9228	3
9231	1
9235	3
9239	3
9260	3
9264	3
9271	3
9279	4
9282	3
9286	4
9297	3
9301	1
9305	3
9312	2
9316	2
9323	5
933	3
9330	4
9341	2
9349	3
9352	3
9363	1
9367	4
9370	3
9374	3
9378	3
9381	1
9385	1
9389	4
9392	3
9396	1
9400	3
9404	3
9408	3
9419	2
9422	3
9433	2
9437	3
9440	3
9448	2
9451	3
9455	2
9459	3
9462	5
9473	2
9484	4
9499	1
951	4
9510	4
9514	3
9521	2
9525	3
9529	5
9536	3
9543	3
9547	2
955	3
9550	3
9558	3
9561	3
9565	4
9569	3
9572	2
9583	4
9594	2
9598	2
9613	3
962	1
9620	4
9624	3
9628	2
9631	4
9635	2
9639	2
9642	1
9646	3
9653	2
966	3
9660	1
9664	2
9668	2
9671	3
9675	4
9679	3
9682	2
9686	3
9693	3
9712	3
9723	3
973	2
9730	2
9741	1
9752	3
9756	2
9763	1
9774	3
9778	2
9785	1
9792	4
9796	3
980	2
9800	3
9808	2
9811	1
9815	4
9819	3
9822	2
9826	1
9833	2
9837	5
9848	2
9851	4
9855	2
9859	4
9862	1
9866	3
9880	3
9895	3
9899	2
991	3
9910	2
9914	1
9925	3
9929	2
9947	1
995	3
9950	3
9965	2
9972	3
9976	3
9983	4
999	3
9990	2
9994	3
9998	2
