10	1
100	2
1000	2
1004	5
1011	2
1015	3
1019	1
1022	2
1026	3
1037	4
104	3
1040	3
1044	1
1051	1
1055	3
1062	3
1066	2
1073	1
1077	4
108	5
1080	2
1088	3
1091	2
1099	1
1107	3
111	2
1110	3
1114	2
1125	2
1136	3
1143	1
1147	2
115	5
1150	2
1158	2
1169	1
1172	3
1187	2
119	3
1190	2
1194	1
1198	3
1206	3
1217	2
122	1
1228	2
1235	1
1242	3
1246	4
1257	2
126	4
1275	3
1282	1
1297	2
1301	1
1323	2
1327	2
133	3
1330	1
1334	1
1341	1
1356	1
1363	2
137	3
1374	1
1381	1
1385	3
1392	3
1396	3
14	2
140	2
1400	3
1404	2
1408	2
1411	1
1422	2
1426	1
1437	2
144	1
1444	2
1455	2
1459	2
1473	3
148	2
1480	2
1499	2
1507	4
151	2
1514	1
1529	3
1543	3
1547	5
155	3
1550	2
1565	3
1569	3
1576	1
1583	3
159	3
1598	1
1606	3
1617	2
162	2
1628	2
1631	4
1635	2
1639	2
1642	2
1646	3
1653	3
1657	2
166	3
1668	4
1671	2
1675	4
1682	2
1686	1
1693	2
1697	2
1701	4
1705	3
173	3
1730	3
1734	3
1752	3
1756	4
1763	1
177	3
1770	3
1778	2
1785	3
1789	2
1792	3
1796	1
18	1
180	3
1804	4
1808	1
1815	4
1826	1
1833	3
1837	4
1844	3
1855	2
1862	2
1873	2
1877	1
1884	3
191	3
1914	1
1921	2
1925	3
1929	2
1932	1
1943	1
1969	4
1972	2
1976	3
1983	2
1994	1
2001	1
2009	2
2023	3
2027	3
2034	2
2038	2
2052	1
2063	2
2067	3
207	3
2074	2
2078	1
2089	3
2092	3
21	3
2100	2
2104	2
2108	3
2111	1
2119	2
2122	4
2126	1
2133	3
2137	3
2140	3
2144	1
2151	1
2159	2
2166	1
2173	2
2180	1
2188	1
2191	2
2195	2
221	3
2218	1
2221	2
2225	2
2236	3
2243	3
2247	3
2250	3
2265	2
229	3
2290	1
2294	3
232	1
2320	3
2324	1
2328	3
2331	2
2339	1
2342	2
2357	3
236	3
2375	3
2379	2
2382	3
2393	2
2409	3
2416	3
2423	3
2427	3
243	3
2430	2
2438	3
2441	2
2445	4
2452	2
2456	1
2463	1
247	3
2470	3
2474	1
2478	1
2481	2
2485	2
2489	3
2492	1
2496	3
25	2
250	3
2500	1
2504	4
2511	2
2522	1
2526	2
2533	3
2537	3
254	1
2540	1
2544	3
2551	3
2562	2
2573	3
2577	3
258	4
2588	2
2599	2
261	4
2614	1
2618	2
2629	3
2636	3
265	2
2650	3
2654	4
2658	4
2661	2
2683	3
2687	2
2694	2
2702	4
2706	1
2713	3
2717	4
272	1
2724	3
2731	5
2735	2
2742	1
2746	4
2753	3
2757	2
276	2
2764	3
2771	2
2775	2
2779	3
2782	1
2786	4
2793	1
2801	3
2816	5
2827	3
283	2
2838	2
2849	4
2856	1
2863	2
2867	1
287	1
2870	3
2874	1
2878	3
2892	4
29	3
2900	2
2904	3
2911	3
2922	2
2926	1
2933	1
2937	3
294	2
2940	3
2944	4
2948	1
2951	3
2955	1
2966	3
2977	2
298	2
2980	2
2988	3
2991	5
2995	2
2999	2
3013	1
3017	2
302	4
3020	1
3024	4
3028	2
3031	4
3039	1
3042	2
3046	2
3053	2
3057	3
306	1
3064	3
3068	3
3071	3
3075	3
3079	4
3082	4
3086	2
3101	2
3109	3
3116	2
3123	3
3127	2
313	1
3130	1
3138	2
3156	3
3163	2
3167	3
3170	2
3174	3
3178	1
3185	2
3192	2
3196	3
32	3
320	4
3200	1
3208	2
3219	2
3226	2
3237	3
324	5
3248	2
3251	3
3255	2
3259	2
3262	2
3266	4
3273	4
3284	5
3291	3
3295	3
3303	1
3307	2
331	3
3310	1
3314	1
3321	2
3329	3
3332	3
3343	2
3347	1
3354	1
3365	2
3369	3
3372	2
3383	2
339	2
3402	2
3413	1
3417	1
342	3
3420	3
3428	2
3442	2
3453	5
3457	4
346	2
3460	3
3464	2
3468	2
3471	4
3475	2
3479	3
3486	2
3497	2
3509	3
3512	3
3523	1
3527	2
3530	2
3534	3
3538	2
3556	2
357	3
3578	3
3585	3
3589	2
3592	3
3596	3
36	3
360	1
3600	3
3604	2
3611	1
3619	3
3622	3
364	2
3640	1
3644	3
3648	3
3651	2
3655	1
3659	4
3662	2
3666	3
3673	2
3677	2
3684	4
3691	3
3699	2
3703	1
3710	3
3718	3
3721	1
3725	5
3732	2
3743	2
3747	1
375	1
3750	2
3754	2
3769	3
3772	2
3776	3
3783	3
379	3
3790	3
3794	2
3798	4
3802	2
3806	1
382	1
3820	2
3824	2
3828	3
3831	2
3842	3
3846	3
3864	3
3868	2
3875	4
3893	2
3901	3
3905	3
3909	2
3916	1
393	4
3930	1
3934	2
3938	3
3941	3
3949	2
3952	2
3963	2
3967	2
397	3
3981	1
3985	3
3989	2
3992	3
3996	3
4003	2
4010	3
4014	2
4021	2
4032	2
4036	2
4043	4
405	1
4050	4
4058	3
4061	2
4069	4
4072	2
4076	2
4083	3
4087	2
409	2
4094	1
4098	3
4102	3
4106	2
4117	2
4124	3
4128	1
4131	1
4135	1
4146	3
4153	1
4157	1
416	1
4160	4
4164	1
4168	2
4175	3
4179	2
4193	3
4197	3
4223	3
4227	2
423	3
4230	3
4241	3
4249	3
4267	2
427	3
4278	4
4281	3
4285	1
4292	1
4296	3
43	2
430	2
4300	1
4304	2
4319	3
434	3
4340	3
4348	4
4351	3
4355	3
4359	4
4362	1
4366	3
4373	1
4377	4
438	3
4380	2
4384	2
4388	3
4391	3
4399	3
441	3
4410	3
4414	3
4418	1
4421	2
4454	3
4458	1
4461	3
4465	2
4472	3
4483	3
4487	1
4498	3
4502	1
4506	1
4517	3
452	2
4520	2
4524	2
4528	4
4531	5
4535	2
4553	1
4557	1
4560	3
4568	3
4586	3
4593	1
4597	3
4601	2
4605	3
4612	2
4616	1
4627	3
4630	1
4634	1
4638	1
4645	1
4649	2
4656	2
4663	3
467	3
4670	2
4681	4
4685	2
4692	2
4696	4
4700	3
4708	3
4715	1
4719	3
4726	3
4737	3
474	3
4740	3
4744	3
4748	3
4762	2
4766	2
4777	2
4784	1
4788	3
4791	2
4795	4
4799	2
4803	2
481	3
4814	3
4818	3
4821	2
4832	1
4836	4
485	2
4858	2
4861	1
4865	2
4869	2
4872	2
4876	3
4883	1
4887	3
4890	3
4894	4
4898	2
4920	3
4931	2
4935	2
4939	3
4953	1
4960	3
4964	3
4971	2
4986	3
5	2
50	1
5000	1
5011	5
5019	3
5022	1
5033	1
5040	3
5044	3
5051	3
5055	2
5066	1
508	2
5084	1
5091	3
5095	3
5103	2
5107	4
5118	5
5121	3
5132	2
5136	4
5143	1
515	3
5161	3
5165	3
5172	3
5183	3
5187	2
5202	3
5206	3
5217	4
5220	1
5228	1
5231	2
5235	2
5239	1
5242	1
5246	2
5257	3
526	2
5260	3
5264	2
5279	1
5282	2
5293	3
5297	2
5305	3
5309	3
5312	3
533	3
5330	3
5334	2
5356	2
5363	3
5367	2
5370	3
5381	2
5392	3
5396	3
54	2
540	2
5408	3
5437	2
5440	3
5448	1
5455	3
5466	4
548	3
5484	2
5495	3
5499	2
5503	3
5507	5
5510	3
5514	2
5521	3
5525	2
5529	4
5532	3
5536	4
5547	2
555	5
5550	3
5554	2
5558	2
5561	1
5569	3
5572	3
5587	1
559	3
5590	1
5594	1
5602	2
5606	4
5613	2
5620	2
5628	1
5631	3
5646	5
5657	3
566	2
5668	1
5671	2
5675	3
5682	1
5686	3
5701	2
5709	3
5712	4
5716	3
5727	1
5730	2
5734	3
5741	5
5745	3
5749	2
5752	3
5756	3
5763	2
5767	1
5770	3
5774	3
5785	3
5796	3
58	3
580	3
5800	3
5808	2
5811	4
5815	4
5819	1
584	1
5840	2
5862	3
5873	1
588	1
5884	2
5888	2
5899	3
591	2
5910	2
5918	3
5925	2
5929	1
5932	3
5936	2
5943	2
5947	3
5950	3
5954	1
5958	3
5969	2
5983	3
5987	2
5990	1
5998	2
6001	2
6005	4
6009	4
6027	3
603	4
6038	2
6041	4
6045	5
6049	3
6052	1
6063	1
607	3
6070	3
6085	3
6092	4
6096	1
61	3
610	2
6104	2
6108	1
6119	3
6122	2
6126	2
6133	3
6137	1
614	4
6140	1
6144	2
6148	3
6155	4
6159	1
6162	3
6166	4
6177	1
618	1
6180	2
6184	4
6191	2
6199	2
6203	1
6207	1
621	3
6210	3
6214	1
6218	3
6221	3
6229	3
6232	1
6247	3
625	3
6258	3
6265	1
6269	5
6272	1
6276	3
629	2
6290	4
6302	2
6313	3
6320	2
6324	2
6328	2
6331	2
6335	3
6342	2
6346	3
6357	3
636	2
6379	3
6382	2
6393	3
6401	3
6405	3
6416	3
6423	4
6427	3
643	2
6430	2
6434	2
6438	3
6441	2
6452	1
6456	1
6463	2
647	2
6470	2
6474	1
6478	3
6481	2
6485	4
6489	3
65	2
650	2
6515	2
6526	1
6533	1
6540	3
6544	4
6548	1
6551	1
6555	4
6559	1
6566	3
6573	3
6577	2
6584	2
6588	2
6591	1
6595	4
6599	1
6603	2
6607	3
661	2
6614	2
6621	3
6625	3
6636	2
6643	1
6647	2
6654	3
6658	3
6661	1
6665	3
6669	2
6676	2
6687	2
669	3
6694	3
6698	3
6702	2
6713	2
672	2
6724	3
6728	2
6731	3
6739	2
6742	3
6757	1
676	1
6760	5
6768	2
6771	3
6779	3
6782	2
6793	3
6797	2
6801	1
6805	2
6809	1
6812	3
6823	3
6827	3
683	1
6834	3
6841	1
6845	1
6849	2
6852	1
6856	3
6863	1
6867	2
6878	3
6881	2
6885	3
6889	1
6892	3
6896	3
69	3
690	3
6900	1
6904	3
6922	1
6926	3
6933	4
6937	2
6940	3
6951	2
6955	3
6959	2
6977	3
698	3
6980	2
6984	2
6988	2
6991	3
6999	2
7002	3
7013	3
7017	2
702	3
7020	1
7024	3
7028	2
7031	2
7039	3
7042	1
7046	4
7053	1
7057	1
7064	3
7071	1
7075	2
7079	3
7082	1
7097	2
7101	3
7105	1
7109	4
7112	2
7116	3
7123	2
7127	3
7134	3
7138	4
7149	2
7163	2
717	3
7178	1
7181	2
7196	3
72	3
720	2
7200	4
7208	1
7215	1
7222	2
7226	1
724	2
7240	3
7255	1
7259	2
7262	3
7266	2
7273	3
7277	3
728	2
7291	3
7295	5
7303	2
7325	2
7329	2
7332	4
7336	1
7343	1
7347	3
735	2
7350	2
7365	2
7369	5
7372	3
7383	2
7394	3
7413	3
7417	4
7428	1
7431	3
7435	1
7439	3
7442	3
7457	4
746	1
7460	1
7464	1
7468	1
7471	3
7479	2
7482	2
7493	2
7497	2
7501	1
7505	3
7509	2
7516	2
7523	1
7527	3
753	2
7545	3
7563	3
757	3
7570	1
7578	2
7581	2
7592	2
76	4
760	3
7600	1
7604	2
7608	1
7611	3
7615	1
7619	2
7626	2
764	3
7644	4
7648	2
7651	3
7655	2
7662	3
7677	3
7684	5
7688	2
7703	2
7707	2
7710	3
7718	2
7729	1
7736	3
7743	2
7747	3
775	3
7750	1
7754	1
7769	3
7798	3
7802	4
7806	1
7820	1
7824	3
7828	1
7831	2
7835	4
7839	2
7842	3
7846	3
7857	2
7860	3
7864	2
7868	2
7871	1
7875	3
7886	2
7905	3
7909	2
7923	3
7927	2
793	1
7934	4
7941	2
7945	1
7949	5
7963	2
7967	3
797	3
7970	4
7978	5
7981	3
7985	3
7989	1
7992	1
7996	3
8003	1
8014	2
8018	4
8021	2
8032	5
8036	3
8043	4
805	1
8050	3
8054	1
8058	3
8065	5
809	1
8090	3
8094	4
8098	1
8102	3
8113	2
8117	1
812	3
8128	3
8139	1
8153	2
816	3
8160	1
8164	4
8168	3
8171	2
8182	2
8193	4
8197	2
8201	3
8205	3
8209	3
823	1
8230	4
8234	3
8241	3
8245	1
8249	1
8256	3
8263	3
8267	3
827	3
8274	2
8281	3
8285	5
8292	4
8300	2
8304	2
8308	3
8315	3
8319	3
8326	3
8337	1
8340	2
8348	4
8355	2
8359	2
8362	1
8373	1
8377	3
838	2
8380	1
8384	2
8391	2
8403	2
8407	1
841	3
8410	3
8414	3
8425	3
8436	2
8443	3
845	3
8450	2
8458	3
8465	2
8472	3
8483	3
849	1
8490	2
8494	2
8513	1
8517	1
852	3
8524	3
8535	5
8539	2
8546	2
8553	3
8557	2
8560	3
8575	1
8579	2
8586	3
8593	3
8597	1
8601	3
8609	2
8612	3
8616	1
8623	2
8627	2
863	1
8630	4
8638	2
8645	2
8652	3
8667	2
8674	4
8678	3
8681	4
8685	3
8689	2
8696	4
8700	3
8704	3
8711	2
8715	3
8719	5
8722	3
8726	3
8733	3
874	1
8744	3
8748	3
8759	1
8777	2
878	2
8780	3
8784	3
8788	3
8791	1
8795	3
8799	2
8803	2
881	2
8810	3
8818	4
8821	2
8825	3
8829	3
8832	2
8836	4
8843	3
8847	1
885	2
8850	1
8858	4
8861	1
8865	2
8872	3
889	2
8890	1
8898	3
8902	1
8906	3
8913	3
8924	2
8928	1
8931	4
8939	1
8942	3
8946	2
8957	4
896	2
8960	1
8964	1
8971	3
8975	2
8979	2
8982	1
8986	2
8993	2
8997	3
9	2
900	2
9000	3
9004	3
9008	1
9011	1
9022	2
9033	1
9037	2
904	2
9040	3
9044	1
9059	2
9062	1
9066	2
9073	3
9077	3
9080	2
9088	2
9091	2
9095	1
9099	2
911	1
9114	1
9118	3
9121	2
9129	2
915	3
9158	2
9161	3
9165	2
9169	1
9172	4
9183	4
9187	3
9194	2
9198	1
9206	3
9213	2
9217	3
922	1
9228	1
9239	3
9242	4
9246	2
926	2
9264	2
9271	3
9279	2
9282	3
9286	4
9297	1
9301	1
9305	3
9312	3
9334	3
9338	3
9341	4
9345	2
9349	1
9356	2
9363	4
9367	3
937	4
9374	1
9385	3
9392	4
9396	3
94	3
940	3
9400	1
9408	2
9411	2
9419	3
9426	3
9433	3
948	2
951	3
959	1
962	3
966	1
977	4
98	3
980	1
984	1
988	1
995	2
